  0.53574547986738696       -2.0978110727003225E-003  -8.2880282539636516E-003  -1.1395179789009490E-002   7.9068317497434788E-017  -4.9210378581149021E-017   2.0643749081305243E-017   9.2008003300343150E-017  -5.9955746388697309E-017   4.4957342068666387E-017   7.8249399446379802E-003   1.1317930026503931E-002   2.8667284561349716E-003  0.53574547986731680       -2.0978110726871100E-003  -8.2880282539620556E-003  -1.1395179789008236E-002  -6.4290308207687177E-016   8.4791758195997294E-017  -7.1031092000488350E-017  -2.2905992490379063E-015   9.4559849058645704E-016  -2.0516088767742865E-016  -7.8249399446351040E-003  -1.1317930026507710E-002  -2.8667284561310151E-003
  -2.0978110727003225E-003   8.2143694386995297E-006   3.2453316164835959E-005   4.4619945916692042E-005  -3.0960670351705294E-019   1.9269239024632130E-019  -8.0834439173483924E-020  -3.6027445000242420E-019   2.3476787648745981E-019  -1.7603883473579547E-019  -3.0640007757302719E-005  -4.4317460103488826E-005  -1.1225208468755821E-005  -2.0978110727000476E-003   8.2143694386477930E-006   3.2453316164829712E-005   4.4619945916687129E-005   2.5174065949895963E-018  -3.3201790010682189E-019   2.7813545219551668E-019   8.9692674008938069E-018  -3.7026667670103410E-018   8.0334561471479162E-019   3.0640007757291457E-005   4.4317460103503626E-005   1.1225208468740329E-005
  -8.2880282539636516E-003   3.2453316164835959E-005   1.2821650376873537E-004   1.7628440294761573E-004  -1.2231936134567471E-018   7.6128875258036253E-019  -3.1936055848001813E-019  -1.4233716561319051E-018   9.2752050876846156E-019  -6.9549391509648804E-019  -1.2105248813817614E-004  -1.7508934253494267E-004  -4.4348533648420947E-005  -8.2880282539625656E-003   3.2453316164631560E-005   1.2821650376871070E-004   1.7628440294759635E-004   9.9457654969527017E-018  -1.3117357290735010E-018   1.0988570497238010E-018   3.5435765690889885E-017  -1.4628489275963401E-017   3.1738564254423320E-018   1.2105248813813165E-004   1.7508934253500111E-004   4.4348533648359744E-005
  -1.1395179789009490E-002   4.4619945916692042E-005   1.7628440294761573E-004   2.4237278204566865E-004  -1.6817644335903273E-018   1.0466931266619736E-018  -4.3908766595455265E-019  -1.9569884936681327E-018   1.2752445613774963E-018  -9.5623204480467490E-019  -1.6643462401105677E-004  -2.4072969784712903E-004  -6.0974637008628859E-005  -1.1395179789007996E-002   4.4619945916411010E-005   1.7628440294758182E-004   2.4237278204564198E-004   1.3674396672441699E-017  -1.8035006651083192E-018   1.5108145460332994E-018   4.8720504881941395E-017  -2.0112656500836695E-017   4.3637236124432961E-018   1.6643462401099560E-004   2.4072969784720940E-004   6.0974637008544704E-005
   7.9068317497434788E-017  -3.0960670351705294E-019  -1.2231936134567471E-018  -1.6817644335903273E-018   1.1669344990876373E-032  -7.2627431943735463E-033   3.0467200714452230E-033   1.3579056269513126E-032  -8.8486047375157274E-033   6.6350562535889055E-033   1.1548484479871738E-018   1.6703634811270366E-018   4.2308783604617237E-019   7.9068317497424422E-017  -3.0960670351510294E-019  -1.2231936134565117E-018  -1.6817644335901424E-018  -9.4883236394857164E-032   1.2514042414070122E-032  -1.0483166252516617E-032  -3.3805946198024095E-031   1.3955671954020426E-031  -3.0278792476139686E-032  -1.1548484479867494E-018  -1.6703634811275942E-018  -4.2308783604558843E-019
  -4.9210378581149021E-017   1.9269239024632130E-019   7.6128875258036253E-019   1.0466931266619736E-018  -7.2627431943735463E-033   4.5201713334089985E-033  -1.8962114395752638E-033  -8.4513054147022350E-033   5.5071766142263597E-033  -4.1295128122199320E-033  -7.1875222754227652E-019  -1.0395974250628797E-018  -2.6332054663470893E-019  -4.9210378581142575E-017   1.9269239024510765E-019   7.6128875258021606E-019   1.0466931266618586E-018   5.9053235629391799E-032  -7.7884642581009250E-033   6.5244916844500303E-033   2.1040076017207443E-031  -8.6857027182088404E-032   1.8844853259704455E-032   7.1875222754201238E-019   1.0395974250632267E-018   2.6332054663434551E-019
   2.0643749081305243E-017  -8.0834439173483924E-020  -3.1936055848001813E-019  -4.3908766595455265E-019   3.0467200714452230E-033  -1.8962114395752638E-033   7.9546051650753919E-034   3.5453218085467459E-033  -2.3102600599393032E-033   1.7323302275134208E-033   3.0151649031807797E-019   4.3611101981625966E-019   1.1046294398477565E-019   2.0643749081302538E-017  -8.0834439172974805E-020  -3.1936055847995669E-019  -4.3908766595450431E-019  -2.4772826666270579E-032   3.2672600071103856E-033  -2.7370236340438272E-033  -8.8263098653990685E-032   3.6436514548213742E-032  -7.9054141297823859E-033  -3.0151649031796713E-019  -4.3611101981640526E-019  -1.1046294398462319E-019
   9.2008003300343150E-017  -3.6027445000242420E-019  -1.4233716561319051E-018  -1.9569884936681327E-018   1.3579056269513126E-032  -8.4513054147022350E-033   3.5453218085467459E-033   1.5801295558128485E-032  -1.0296696321117398E-032   7.7208962704685885E-033   1.3438416697971005E-018   1.9437217528916703E-018   4.9232699325534777E-019   9.2008003300331096E-017  -3.6027445000015507E-019  -1.4233716561316313E-018  -1.9569884936679174E-018  -1.1041106480669056E-031   1.4561990088783066E-032  -1.2198757045650900E-032  -3.9338355839681745E-031   1.6239545140766094E-031  -3.5233976468077099E-032  -1.3438416697966067E-018  -1.9437217528923193E-018  -4.9232699325466830E-019
  -5.9955746388697309E-017   2.3476787648745981E-019   9.2752050876846156E-019   1.2752445613774963E-018  -8.8486047375157274E-033   5.5071766142263597E-033  -2.3102600599393032E-033  -1.0296696321117398E-032   6.7097001470093288E-033  -5.0312155690909028E-033  -8.7569589004023056E-019  -1.2665994727236138E-018  -3.2081809504736235E-019  -5.9955746388689445E-017   2.3476787648598113E-019   9.2752050876828322E-019   1.2752445613773561E-018   7.1947847606766551E-032  -9.4891200043523294E-033   7.9491517851866262E-033   2.5634297033630898E-031  -1.0582275617364064E-031   2.2959734823171418E-032   8.7569589003990874E-019   1.2665994727240367E-018   3.2081809504691957E-019
   4.4957342068666387E-017  -1.7603883473579547E-019  -6.9549391509648804E-019  -9.5623204480467490E-019   6.6350562535889055E-033  -4.1295128122199320E-033   1.7323302275134208E-033   7.7208962704685885E-033  -5.0312155690909028E-033   3.7726171882577125E-033   6.5663363477175628E-019   9.4974959347620965E-019   2.4056291030647906E-019   4.4957342068660495E-017  -1.7603883473468671E-019  -6.9549391509635419E-019  -9.5623204480456974E-019  -5.3949524287324343E-032   7.1153415587653377E-033  -5.9606085736221637E-033  -1.9221674815943933E-031   7.9350356462984718E-032  -1.7216175503167085E-032  -6.5663363477151496E-019  -9.4974959347652666E-019  -2.4056291030614703E-019
   7.8249399446379802E-003  -3.0640007757302719E-005  -1.2105248813817614E-004  -1.6643462401105677E-004   1.1548484479871738E-018  -7.1875222754227652E-019   3.0151649031807797E-019   1.3438416697971005E-018  -8.7569589004023056E-019   6.5663363477175628E-019   1.1428875732623486E-004   1.6530633683914603E-004   4.1870587526736562E-005   7.8249399446369550E-003  -3.0640007757109738E-005  -1.2105248813815284E-004  -1.6643462401103848E-004  -9.3900521731315904E-018   1.2384433291871688E-018  -1.0374591107020765E-018  -3.3455814812270839E-017   1.3811131738173292E-017  -2.9965192155459249E-018  -1.1428875732619286E-004  -1.6530633683920122E-004  -4.1870587526678774E-005
   1.1317930026503931E-002  -4.4317460103488826E-005  -1.7508934253494267E-004  -2.4072969784712903E-004   1.6703634811270366E-018  -1.0395974250628797E-018   4.3611101981625966E-019   1.9437217528916703E-018  -1.2665994727236138E-018   9.4974959347620965E-019   1.6530633683914603E-004   2.3909775238149789E-004   6.0561280105535302E-005   1.1317930026502446E-002  -4.4317460103209699E-005  -1.7508934253490898E-004  -2.4072969784710255E-004  -1.3581695730910988E-017   1.7912744430883202E-018  -1.5005724904420764E-018  -4.8390220717850284E-017   1.9976309557057531E-017  -4.3341412259480634E-018  -1.6530633683908526E-004  -2.3909775238157771E-004  -6.0561280105451724E-005
   2.8667284561349716E-003  -1.1225208468755821E-005  -4.4348533648420947E-005  -6.0974637008628859E-005   4.2308783604617237E-019  -2.6332054663470893E-019   1.1046294398477565E-019   4.9232699325534777E-019  -3.2081809504736235E-019   2.4056291030647906E-019   4.1870587526736562E-005   6.0561280105535302E-005   1.5339619931554496E-005   2.8667284561345956E-003  -1.1225208468685121E-005  -4.4348533648412416E-005  -6.0974637008622150E-005  -3.4401196635067272E-018   4.5371348000238741E-019  -3.8008132660035657E-019  -1.2256801588776397E-017   5.0598170267595555E-018  -1.0977984451429767E-018  -4.1870587526721173E-005  -6.0561280105555522E-005  -1.5339619931533323E-005
  0.53574547986731680       -2.0978110727000476E-003  -8.2880282539625656E-003  -1.1395179789007996E-002   7.9068317497424422E-017  -4.9210378581142575E-017   2.0643749081302538E-017   9.2008003300331096E-017  -5.9955746388689445E-017   4.4957342068660495E-017   7.8249399446369550E-003   1.1317930026502446E-002   2.8667284561345956E-003  0.53574547986724663       -2.0978110726868351E-003  -8.2880282539609697E-003  -1.1395179789006742E-002  -6.4290308207678755E-016   8.4791758195986188E-017  -7.1031092000479031E-017  -2.2905992490376062E-015   9.4559849058633319E-016  -2.0516088767740178E-016  -7.8249399446340788E-003  -1.1317930026506226E-002  -2.8667284561306391E-003
  -2.0978110726871100E-003   8.2143694386477930E-006   3.2453316164631560E-005   4.4619945916411010E-005  -3.0960670351510294E-019   1.9269239024510765E-019  -8.0834439172974805E-020  -3.6027445000015507E-019   2.3476787648598113E-019  -1.7603883473468671E-019  -3.0640007757109738E-005  -4.4317460103209699E-005  -1.1225208468685121E-005  -2.0978110726868351E-003   8.2143694385960562E-006   3.2453316164625312E-005   4.4619945916406097E-005   2.5174065949737405E-018  -3.3201790010473071E-019   2.7813545219376486E-019   8.9692674008373155E-018  -3.7026667669870203E-018   8.0334561470973181E-019   3.0640007757098476E-005   4.4317460103224498E-005   1.1225208468669629E-005
  -8.2880282539620556E-003   3.2453316164829712E-005   1.2821650376871070E-004   1.7628440294758182E-004  -1.2231936134565117E-018   7.6128875258021606E-019  -3.1936055847995669E-019  -1.4233716561316313E-018   9.2752050876828322E-019  -6.9549391509635419E-019  -1.2105248813815284E-004  -1.7508934253490898E-004  -4.4348533648412416E-005  -8.2880282539609697E-003   3.2453316164625312E-005   1.2821650376868603E-004   1.7628440294756244E-004   9.9457654969507881E-018  -1.3117357290732487E-018   1.0988570497235896E-018   3.5435765690883063E-017  -1.4628489275960588E-017   3.1738564254417215E-018   1.2105248813810836E-004   1.7508934253496742E-004   4.4348533648351206E-005
  -1.1395179789008236E-002   4.4619945916687129E-005   1.7628440294759635E-004   2.4237278204564198E-004  -1.6817644335901424E-018   1.0466931266618586E-018  -4.3908766595450431E-019  -1.9569884936679174E-018   1.2752445613773561E-018  -9.5623204480456974E-019  -1.6643462401103848E-004  -2.4072969784710255E-004  -6.0974637008622150E-005  -1.1395179789006742E-002   4.4619945916406097E-005   1.7628440294756244E-004   2.4237278204561534E-004   1.3674396672440196E-017  -1.8035006651081208E-018   1.5108145460331332E-018   4.8720504881936034E-017  -2.0112656500834482E-017   4.3637236124428162E-018   1.6643462401097730E-004   2.4072969784718292E-004   6.0974637008537996E-005
  -6.4290308207687177E-016   2.5174065949895963E-018   9.9457654969527017E-018   1.3674396672441699E-017  -9.4883236394857164E-032   5.9053235629391799E-032  -2.4772826666270579E-032  -1.1041106480669056E-031   7.1947847606766551E-032  -5.3949524287324343E-032  -9.3900521731315904E-018  -1.3581695730910988E-017  -3.4401196635067272E-018  -6.4290308207678755E-016   2.5174065949737405E-018   9.9457654969507881E-018   1.3674396672440196E-017   7.7149390611051186E-031  -1.0175145610639046E-031   8.5238438188416480E-032   2.7487554675663500E-030  -1.1347332023328531E-030   2.4619632263084071E-031   9.3900521731281391E-018   1.3581695730915522E-017   3.4401196635019794E-018
   8.4791758195997294E-017  -3.3201790010682189E-019  -1.3117357290735010E-018  -1.8035006651083192E-018   1.2514042414070122E-032  -7.7884642581009250E-033   3.2672600071103856E-033   1.4561990088783066E-032  -9.4891200043523294E-033   7.1153415587653377E-033   1.2384433291871688E-018   1.7912744430883202E-018   4.5371348000238741E-019   8.4791758195986188E-017  -3.3201790010473071E-019  -1.3117357290732487E-018  -1.8035006651081208E-018  -1.0175145610639046E-031   1.3419884120624079E-032  -1.1242000919529701E-032  -3.6253024047245600E-031   1.4965867483222365E-031  -3.2470553710554328E-032  -1.2384433291867137E-018  -1.7912744430889184E-018  -4.5371348000176120E-019
  -7.1031092000488350E-017   2.7813545219551668E-019   1.0988570497238010E-018   1.5108145460332994E-018  -1.0483166252516617E-032   6.5244916844500303E-033  -2.7370236340438272E-033  -1.2198757045650900E-032   7.9491517851866262E-033  -5.9606085736221637E-033  -1.0374591107020765E-018  -1.5005724904420764E-018  -3.8008132660035657E-019  -7.1031092000479031E-017   2.7813545219376486E-019   1.0988570497235896E-018   1.5108145460331332E-018   8.5238438188416480E-032  -1.1242000919529701E-032   9.4175615481267910E-033   3.0369601258219681E-031  -1.2537090074375495E-031   2.7200979635188887E-032   1.0374591107016952E-018   1.5005724904425773E-018   3.8008132659983200E-019
  -2.2905992490379063E-015   8.9692674008938069E-018   3.5435765690889885E-017   4.8720504881941395E-017  -3.3805946198024095E-031   2.1040076017207443E-031  -8.8263098653990685E-032  -3.9338355839681745E-031   2.5634297033630898E-031  -1.9221674815943933E-031  -3.3455814812270839E-017  -4.8390220717850284E-017  -1.2256801588776397E-017  -2.2905992490376062E-015   8.9692674008373155E-018   3.5435765690883063E-017   4.8720504881936034E-017   2.7487554675663500E-030  -3.6253024047245600E-031   3.0369601258219681E-031   9.7935402478650324E-030  -4.0429406757941530E-030   8.7717282348736349E-031   3.3455814812258544E-017   4.8390220717866443E-017   1.2256801588759481E-017
   9.4559849058645704E-016  -3.7026667670103410E-018  -1.4628489275963401E-017  -2.0112656500836695E-017   1.3955671954020426E-031  -8.6857027182088404E-032   3.6436514548213742E-032   1.6239545140766094E-031  -1.0582275617364064E-031   7.9350356462984718E-032   1.3811131738173292E-017   1.9976309557057531E-017   5.0598170267595555E-018   9.4559849058633319E-016  -3.7026667669870203E-018  -1.4628489275960588E-017  -2.0112656500834482E-017  -1.1347332023328531E-030   1.4965867483222365E-031  -1.2537090074375495E-031  -4.0429406757941530E-030   1.6689949593615171E-030  -3.6211192255541747E-031  -1.3811131738168216E-017  -1.9976309557064202E-017  -5.0598170267525721E-018
  -2.0516088767742865E-016   8.0334561471479162E-019   3.1738564254423320E-018   4.3637236124432961E-018  -3.0278792476139686E-032   1.8844853259704455E-032  -7.9054141297823859E-033  -3.5233976468077099E-032   2.2959734823171418E-032  -1.7216175503167085E-032  -2.9965192155459249E-018  -4.3341412259480634E-018  -1.0977984451429767E-018  -2.0516088767740178E-016   8.0334561470973181E-019   3.1738564254417215E-018   4.3637236124428162E-018   2.4619632263084071E-031  -3.2470553710554328E-032   2.7200979635188887E-032   8.7717282348736349E-031  -3.6211192255541747E-031   7.8565272903486322E-032   2.9965192155448233E-018   4.3341412259495101E-018   1.0977984451414615E-018
  -7.8249399446351040E-003   3.0640007757291457E-005   1.2105248813813165E-004   1.6643462401099560E-004  -1.1548484479867494E-018   7.1875222754201238E-019  -3.0151649031796713E-019  -1.3438416697966067E-018   8.7569589003990874E-019  -6.5663363477151496E-019  -1.1428875732619286E-004  -1.6530633683908526E-004  -4.1870587526721173E-005  -7.8249399446340788E-003   3.0640007757098476E-005   1.2105248813810836E-004   1.6643462401097730E-004   9.3900521731281391E-018  -1.2384433291867137E-018   1.0374591107016952E-018   3.3455814812258544E-017  -1.3811131738168216E-017   2.9965192155448233E-018   1.1428875732615086E-004   1.6530633683914048E-004   4.1870587526663385E-005
  -1.1317930026507710E-002   4.4317460103503626E-005   1.7508934253500111E-004   2.4072969784720940E-004  -1.6703634811275942E-018   1.0395974250632267E-018  -4.3611101981640526E-019  -1.9437217528923193E-018   1.2665994727240367E-018  -9.4974959347652666E-019  -1.6530633683920122E-004  -2.3909775238157771E-004  -6.0561280105555522E-005  -1.1317930026506226E-002   4.4317460103224498E-005   1.7508934253496742E-004   2.4072969784718292E-004   1.3581695730915522E-017  -1.7912744430889184E-018   1.5005724904425773E-018   4.8390220717866443E-017  -1.9976309557064202E-017   4.3341412259495101E-018   1.6530633683914048E-004   2.3909775238165754E-004   6.0561280105471937E-005
  -2.8667284561310151E-003   1.1225208468740329E-005   4.4348533648359744E-005   6.0974637008544704E-005  -4.2308783604558843E-019   2.6332054663434551E-019  -1.1046294398462319E-019  -4.9232699325466830E-019   3.2081809504691957E-019  -2.4056291030614703E-019  -4.1870587526678774E-005  -6.0561280105451724E-005  -1.5339619931533323E-005  -2.8667284561306391E-003   1.1225208468669629E-005   4.4348533648351206E-005   6.0974637008537996E-005   3.4401196635019794E-018  -4.5371348000176120E-019   3.8008132659983200E-019   1.2256801588759481E-017  -5.0598170267525721E-018   1.0977984451414615E-018   4.1870587526663385E-005   6.0561280105471937E-005   1.5339619931512154E-005
